-32768, 32767, 28928,-18176,-32768,-32768,-32768,-32768,-32768,-32768,-32768,-32768,-17152,  4352, 25856, 32767, 32767, 32767, 24832,-32512,-32768,-32768,-32768,-32768,-32768,-32768,-32768,-32768,-32768,-32768,-29440, -7936
 32000, 32767, -2816,-32768,-32768,-32768,-32768,-32768,-32000,-23552,-15104, -6656,  1792, 10240, 18688, 27136, 32767, 32767, -9984,-32768,-32768,-32768,-32768,-32768,-32768,-32768,-32768,-32768,-25856,-17408, -8960,  -512

 16384, 32767, 32767, 14080,-32768,-32768,-32768,-32768,-32768,-32768,-32768,-32768,-30976, 18176, 32767, 32767, 32767, 32767, 32767,  -256,-32768,-32768,-32768,-32768,-32768,-32768,-32768,-32768,-32768,-32768, 12032, 32767
 32767, 32767, 20224,-32768,-32768,-32768,-32768,-32768,-32768,-32768,-28928, -6656, 15616, 32767, 32767, 32767, 32767, 32767, 13056,-32768,-32768,-32768,-32768,-32768,-32768,-32768,-32768,-32768,-12032, 10240, 32512, 32767
-32768,-32768,-32768,-32768,-32768,-32768,-32768,-27392, -9728,  7936, 25600, 32767, 32767, 32767, 32767,   256,-32768,-32768,-32768,-32768,-32768,-32768,-32768,-32768,-32768,-25856, -8192,  9472, 27136, 32767, 32767,-11008
-32768,-32768,-32768,-32768,-32768,-32768,-27904,  2816, 32767, 32767, 32767, 32767, 32767,-32000,-32768,-32768,-32768,-32768,-32768,-32768,-32768,-32768,-32768,-32768,-32768, -3328, 27392, 32767, -2304,-32768,-32768,-32768
-32768,-32768,-32768,-32768,-32768, -1536, 32767, 32767, 32767, 32767,-24832,-32768,-32768,-32768,-32768,-32768,-32768,-32768,-32768,-32768,-32768,-32768,-32768,-24576, 14592,-32768,-32768,-32768,-32768,-32768,-32768,-32768
-16128,-16128, -1536, 32767, 32767, 32767, 32767,-24832,-32768,-32768,-32768,-32768,-32768,-32768,-32768,-32768,-32768,-32768,-32768,-32768,-24576, 14592,-32768,-32768,-32768,-32768,-32768,-32768,-32768,-32768,-32768,-32768

-32768,-32768,-32768,-32768,-32768,-32768,-32768,-32768, -9728, 21760, 32767, 32767, 32767, 32767, 32767, 23296,-32768,-32768,-32768,-32768,-32768,-32768,-32768,-32768,-32768,-12032, 19456, 32767, 32767, 32767, 32767, 12032
-32768,-32768,-32768,-32768,-32768,-32768,-32768, 16640, 32767, 32767, 32767, 32767, 32767,   256,-32768,-32768,-32768,-32768,-32768,-32768,-32768,-32768,-32768,-32768,  7424, 32767, 32767, 32767, 32767,-22272,-32768,-32768
-32768,-32768,-32768,-32768,-32768, -1536, 32767, 32767, 32767, 32767, 32767,-32768,-32768,-32768,-32768,-32768,-32768,-32768,-32768,-32768,-32768,-32768,-22272, 32767, 32767, 32767,-21248,-32768,-32768,-32768,-32768,-32768
-29952,-29952, -1536, 32767, 32767, 32767, 32767, 32767,-32768,-32768,-32768,-32768,-32768,-32768,-32768,-32768,-32768,-32768,-32768,-22272, 32767, 32767, 32767,-21248,-32768,-32768,-32768,-32768,-32768,-32768,-32768,-32768
 27648,-26625,-13057,-32513,    -1,    -1,-16128,     0,     0,     0,     0,     0,     0,  6912, 24576,-23296, -5632,    -1,    -1, 28160, 27904,-16128,  4352,     0,     0,     0,     0,  5376, 23040,-24832, -7168,    -1
-29696,-24320,-17152, -8704,  -256,    -1, 17664,     0,     0,     0,     0,     0,     0, 29440, -5376,    -1, 30464,  6144, 14592, 23040, 31488,-25600,  6400,     0,     0,     0,  4864,-29952,    -1,  6143, 14591, 23039
-32768,-32768,-32768,-32768,-32768,-32768,-32768,-32768,-32768,-32768,-32768,-24576, 14592,-32768,-32768,-32768,-32768,-32768,-32768,-32768,-32768,-32768,-32768,-32768,-32768, -1536, 32767, 32767, 32767, 32767,  -256,-32768
-32768,-32768,-32768,-32768,-32768,-32768,-32768,-32768,-24576, 14592,-32768,-32768,-32768,-32768,-32768,-32768,-32768,-32768,-32768,-32768,-32768,-32768, -1536, 32767, 32767, 32767, 32767,  -256,-32768,-32768,-32768,-32768

-28929, -8193,    -2, -9473,    -1,    -1,    -1, 22272,     0,     0,     0,     0,     0, 20736,-13312,    -1,    -1,    -1, 26367,-20737,    -1,    -1,    -1,     0,     0,     0,     0,     0, 23040,-11008,    -1,    -1
-20480, -1280,    -1,    -1,    -1,    -1,-24832,     0,     0,     0,     0,     0,-25344,    -1,    -1,    -1, 11519,-21248, -9472,    -1,    -1,    -1, 29440,     0,     0,     0,     0,-16128,    -1,    -1,   767, 23039
-32768,-32768,-32768,-32768,-32768,-32768,-32768,-32768,-32768,-32768,-22272, 32767, 32767, 32767,-21248,-32768,-32768,-32768,-32768,-32768,-32768,-32768,-32768,-32768,-32768, -1536, 32767, 32767, 32767, 32767, 32767,-18432
-32768,-32768,-32768,-32768,-32768,-32768,-32768,-22272, 32767, 32767, 32767,-21248,-32768,-32768,-32768,-32768,-32768,-32768,-32768,-32768,-32768,-32768, -1536, 32767, 32767, 32767, 32767, 32767,-18432,-32768,-32768,-32768
 24320, 21760, 24576,-23296, -5632,    -1,    -1, 28160, 27904,-16128,  4352,     0,     0,     0,     0,  5376, 23040,-24832, -7168,    -1,  9471, 30975,-13057,-20225,    -1,    -1, -3840, 14592,     0,     0,     0,  8448
-20736,-22528, -5376,    -1, 30464,  6144, 14592, 23040, 31488,-25600,  6400,     0,     0,     0,  4864,-29952,    -1,  6143, 14591, 23039, 31487,  -256,-17152, -8704,  -256,    -1, 29952,     0,     0,     0, 11008,-23808
 23040,-32768,-32768,-32768,-32768,-32768,-32768,-32768,-32768,-32768,-32768,-32768,-32768, -1536, 32767, 32767, 32767, 32767,  -256,-32768,-32768,-32768,-32768,-32768,-32768,-32768,-32768,-32768,-31488,  7680, 32767, 32767
-24320,-32768,-32768,-32768,-32768,-32768,-32768,-32768,-32768,-32768, -1536, 32767, 32767, 32767, 32767,  -256,-32768,-32768,-32768,-32768,-32768,-32768,-32768,-32768,-32768,-31488,  7680, 32767, 32767, 32767, 32767,-11520

 28928,-29952,-13312,    -1,    -1,    -1, 26367,-20737,    -1,    -1,    -1,     0,     0,     0,     0,     0, 23040,-11008,    -1,    -1,    -1,-20737,    -2,    -2,    -1,    -1,    -1,-18688,     0,     0,     0,     0
 -6912,    -1,    -1,    -1, 11519,-21248, -9472,    -1,    -1,    -1, 29440,     0,     0,     0,     0,-16128,    -1,    -1,   767, 23039,-20225, -7937,    -1,    -1,    -1,    -1,-12544,     0,     0,     0,     0, -9984
 32767, 14080,-21248,-32768,-32768,-32768,-32768,-32768,-32768,-32768,-32768,-32768,-32768, -1536, 32767, 32767, 32767, 32767, 32767,-18432,-32768,-32768,-32768,-32768,-32768,-32768,-32768,-32768,-32768,  7680, 32767, 32767
 -1280,-32768,-32768,-32768,-32768,-32768,-32768,-32768,-32768,-32768, -1536, 32767, 32767, 32767, 32767, 32767,-18432,-32768,-32768,-32768,-32768,-32768,-32768,-32768,-32768,-32768,  7680, 32767, 32767, 32767, 32767, 32767
 18432,     0,     0,  5376, 23040,-24832, -7168,    -1,  9471, 30975,-13057,-20225,    -1,    -1, -3840, 14592,     0,     0,     0,  8448, 26112,-21760, -4096,    -1, 15615,-28417, -6913,-27393,    -1,    -1, -7936,   256
 20224,  2048,  4864,-29952,    -1,  6143, 14591, 23039, 31487,  -256,-17152, -8704,  -256,    -1, 29952,     0,     0,     0, 11008,-23808,   767,  9215, 17663, 26111,-30977,-11520,-14080, -5632,    -1,    -1, 22784,     0
 -1536, 11520, 32767, 32767, 32767, 32767,  -256,-32768,-32768,-32768,-32768,-32768,-32768,-32768,-32768,-32768,-31488,  7680, 32767, 32767, 32767, 32767,-11520,-32768,-32768,-32768,-32768,-32768,-32768,-32768,-32768,-32768
 32767, 32767, 32767,  -256,-32768,-32768,-32768,-32768,-32768,-32768,-32768,-32768,-32768,-31488,  7680, 32767, 32767, 32767, 32767,-11520,-32768,-32768,-32768,-32768,-32768,-32768,-32768,-32768,-32768,-32768,-32768,-32768

 13056,     0,     0,     0, 23040,-11008,    -1,    -1,    -1,-20737,    -2,    -2,    -1,    -1,    -1,-18688,     0,     0,     0,     0, 26112, -7936,    -1,    -1,  1791,-14593,    -2, -4353,    -1,    -1,    -1, 32512
     0,     0,     0,-16128,    -1,    -1,   767, 23039,-20225, -7937,    -1,    -1,    -1,    -1,-12544,     0,     0,     0,     0, -9984,    -1,    -1,  3839, 26111,-17153,-22273,    -1,    -1,    -1,    -1,-19712,     0
 -1536, 25344, 32767, 32767, 32767, 32767, 32767,-18432,-32768,-32768,-32768,-32768,-32768,-32768,-32768,-32768,-32768,  7680, 32767, 32767, 32767, 32767, 32767,-32768,-32768,-32768,-32768,-32768,-32768,-32768,-32768,-32768
 32767, 32767, 32767, 32767,-18432,-32768,-32768,-32768,-32768,-32768,-32768,-32768,-32768,-32768,  7680, 32767, 32767, 32767, 32767, 32767,-32768,-32768,-32768,-32768,-32768,-32768,-32768,-32768,-32768,-32768,-32768,  5376
